387.46 435.83 20.9 -228.36 -326.65 10.4 -305.63 -430.05 60.79
41.01 164.94 -273.19 2.5 -18.42 -450.75 162.4 97.21 717.73
61.89 -42.41 370.83 60.64 273.71 -108.66 66.45 308.29 209.87
39.54 -323.69 134.57 24.06 217.14 65.87 327.46 -14.47 61.59
201.03 -325.07 -119.5 -149.01 595.18 -26.86 196.67 186.81 -83.26
-464.25 290.45 -121.16 216.39 -390.58 -130.39 378.05 430.3 -389.74
-398.84 -12.28 219.47 49.15 92.07 -295.65 177.04 336.06 -129.7
-429.05 -226.65 229.5 -519.11 -26.56 -296.3 -38.34 -72.36 5.76
451.36 127.21 401.11 -41.42 -142.88 114.64 -849.74 -10.97 49.05
-369.56 140.31 -166.77 -736.73 -63.0 -292.65 -155.18 -44.69 376.29
